%YAML:1.0
---
camera_matrix: !!opencv-matrix
   rows: 3
   cols: 3
   dt: d
   data: [ 7.3588525570206241e+02, 0., 4.7369721216632053e+02, 0.,
       7.3576870625390279e+02, 2.4552490581323789e+02, 0., 0., 1. ]
dist_coeff: !!opencv-matrix
   rows: 1
   cols: 5
   dt: d
   data: [ 1.3462092652608817e-01, -1.6231558985679906e+00,
       4.9697502670675332e-03, -6.6004004309224134e-03,
       3.7039967581181132e+00 ]
