%YAML:1.0
---
camera_matrix: !!opencv-matrix
   rows: 3
   cols: 3
   dt: d
   data: [ 7.3588525570152763e+02, 0., 4.7369721216606996e+02, 0.,
       7.3576870625342247e+02, 2.4552490581377322e+02, 0., 0., 1. ]
dist_coeff: !!opencv-matrix
   rows: 1
   cols: 5
   dt: d
   data: [ 1.3462092652531080e-01, -1.6231558985532084e+00,
       4.9697502671535391e-03, -6.6004004309851375e-03,
       3.7039967580553883e+00 ]
